0 0 0 0 0 0 0 0 0 0 0 0 0 0 0 0 0 0 0 0 0 0 0 0 0 0 0 0 0 0 0 0 0 0 0 -1.73472e-13 0 0 0 0 0 0 0 0 0 0 2.1684e-14 0 0 0 
9.57899 1.4244 -11.9141 -31.9883 -38.0819 -46.9498 -41.4477 0.000140234 -4.68101e-05 -0.000448434 -0.000926827 -0.00122551 -0.00120762 -0.00090279 -0.000562495 -0.000261362 -9.52681e-05 -2.75926e-05 -8.25889e-06 -1.45943e-06 -3.51721e-07 -3.84701e-08 -7.06871e-09 -5.34161e-10 -8.24336e-11 -1.92783e-11 -8.70885e-11 -1.22786e-09 -7.75616e-09 -8.25403e-08 -3.96111e-07 -2.66033e-06 -1.00768e-05 -4.156e-05 -0.000134144 -0.000340874 -0.00066847 -0.00106535 -0.00127531 -0.00116951 -0.000777254 -0.000291314 4.24388e-05 -11.6965 -44.6484 -49.3878 -70.4091 -44.7449 -23.562 -9.28282 
80.1056 80.918 15.4191 -16.0925 -88.6407 -114.663 -121.583 -106.569 -72.3905 -27.8547 14.7092 44.253 55.5871 50.907 37.3717 22.631 11.3977 4.77204 0.0516686 0.0123673 0.00247863 0.000411351 -1.59436e-10 -1.19717e-11 -1.51509e-12 -3.11719e-13 -1.55002e-12 -2.13657e-11 5.58934e-05 0.000411349 0.00247863 0.0123672 1.65314 4.77204 11.3977 22.631 37.3716 50.9067 55.5868 44.2529 14.7092 -27.8545 -72.3903 -106.569 -121.583 -114.663 -37.6715 -105.873 15.687 81.1464 
-174.12 -43.3261 -132.858 6.65417 121.492 128.399 11.6725 -148.773 -112.455 45.2685 33.1722 19.9513 9.96077 4.13097 1.4169 -3.2348e-05 -6.50081e-06 -1.06573e-06 -1.16037e-07 -1.9836e-08 -1.25878e-09 -1.59629e-10 -4.57142e-12 -3.06128e-13 4.65429e-14 1.75554e-14 3.64053e-15 -3.481e-13 -1.8792e-11 -1.78184e-10 -3.32433e-09 -2.26522e-08 -2.46767e-07 -1.7446e-06 -1.02881e-05 0.399041 1.41683 4.13073 9.96038 19.9508 33.172 -89.6118 -234.474 -148.671 11.7554 128.459 121.53 6.67486 54.9943 -41.7744 
140.052 78.5917 140.572 256.844 319.858 268.829 56.7554 -48.2029 -132.54 -155.42 -0.00344603 -0.00196447 -0.000835945 -0.000257904 -5.10445e-05 -8.84942e-06 -1.46065e-06 -1.56452e-07 -2.68636e-08 -1.76253e-09 -2.29124e-10 -8.93015e-12 -8.91695e-13 -1.95727e-14 -4.19965e-16 8.55942e-16 -4.94948e-16 -7.71562e-14 -9.4789e-13 -2.79485e-11 -2.53901e-10 -4.52057e-09 -3.06164e-08 -3.36436e-07 -2.36488e-06 -1.61709e-05 -0.000107154 -0.000416449 -0.0011617 -0.00248841 -112.684 -155.397 -132.521 -48.1889 94.2749 269.768 320.693 257.527 172.111 88.2927 
-141.919 -186.121 -154.023 -73.862 3.94156 -0.0018849 -0.0040405 -0.00599911 -0.00668737 -0.00526043 -0.00306182 -0.00127982 -0.000424201 -0.000102608 -2.67756e-05 -2.25119e-06 -2.95944e-07 -3.35934e-08 -2.21926e-09 -2.88326e-10 -1.14058e-11 -1.11535e-12 -2.63346e-14 -1.95625e-15 -2.82688e-17 -3.18708e-18 -1.24531e-16 -2.05003e-15 -9.82357e-14 -1.20532e-12 -3.51049e-11 -3.19154e-10 -5.64968e-09 -5.75089e-08 -5.19394e-07 -8.30821e-06 -3.59808e-05 -0.000180321 -0.000640386 -0.00184885 -0.00391578 -0.00611759 -0.00681021 -0.00557378 -0.00353837 44.4028 3.94177 -73.8617 -154.024 -186.105 
-16.35 74.2979 122.382 178.913 216.933 229.625 45.8077 25.6325 12.3263 5.06128 1.76047 0.514122 0.124833 0.0150464 -5.08924e-06 -1.00092e-06 2.91566e-08 1.00177e-08 1.87674e-09 2.76404e-10 3.03518e-11 2.81538e-12 2.05946e-13 1.22403e-14 5.75277e-16 4.25994e-17 5.7458e-16 1.21253e-14 2.05807e-13 2.72974e-12 3.02448e-11 2.48775e-10 1.61196e-09 5.87492e-09 -2.35601e-07 -1.38036e-06 0.00254744 0.0249124 0.124697 0.51363 1.75954 5.0601 12.3257 25.6327 194.412 231.91 219.076 180.82 115.673 63.0971 
211.949 263.546 262.872 165.511 -12.6866 -195.048 -319.457 -275.423 -73.2165 -9.29357 31.7073 0.00759637 0.00163551 0.000358234 7.14548e-05 1.13948e-05 1.51134e-06 1.6824e-07 1.55412e-08 3.44068e-10 5.45796e-11 7.25577e-12 8.03312e-13 7.3394e-14 5.49767e-15 6.62782e-16 5.49759e-15 7.33922e-14 8.03179e-13 7.25347e-12 5.44806e-11 1.27464e-09 1.54978e-08 1.63412e-07 1.47777e-06 1.10809e-05 6.2958e-05 0.00034535 0.00170288 42.8121 31.7066 -9.29474 -146.767 -275.414 -292.044 -195.042 -12.4356 165.699 262.873 263.546 
137.44 -86.5137 -77.279 0.035278 0.0121426 -0.00114724 -0.00843592 -0.0103665 -0.00810013 -0.00459526 -0.00184078 -0.000553597 -0.000101108 -1.69624e-05 -2.62524e-06 -2.36775e-07 -3.75346e-08 -5.72935e-10 -3.16945e-11 -1.78146e-12 -4.27063e-14 -3.11753e-15 -4.36301e-17 -2.15109e-18 2.88091e-20 1.1367e-20 -6.26584e-20 -2.25816e-18 -1.96973e-16 -3.30234e-15 -1.56712e-13 -3.2303e-12 -6.94315e-11 -6.1535e-09 -4.51154e-08 -5.99327e-07 -4.49315e-06 -3.18315e-05 -0.000227311 -0.000903768 -0.00275616 -0.00602903 -0.00962154 -0.0109181 -0.00771355 0.000374061 0.0131835 -164.562 -250.358 -86.3976 
16.8793 -87.627 -159.179 -168.496 -114.443 45.1242 33.2744 21.2292 11.6936 5.53268 2.23261 0.762042 0.217915 0.0516638 1.03089e-06 7.75174e-07 1.91863e-07 3.84887e-08 6.50951e-09 9.2006e-10 1.08727e-10 1.06113e-11 8.48181e-13 5.49328e-14 2.85717e-15 2.35223e-16 2.85336e-15 5.49327e-14 8.48007e-13 1.06111e-11 1.08598e-10 9.19899e-10 6.46673e-09 3.80886e-08 1.83285e-07 3.64844e-07 0.0100455 0.051647 0.217772 0.761646 2.23176 5.53106 11.6919 21.2286 33.2753 -27.363 -114.431 -168.486 -159.171 -87.6234 
-191.676 -96.1642 37.4718 161.207 153.523 -0.0115631 -0.0149012 -0.0142982 -0.0104513 -0.00576419 -0.00228487 -0.00067782 -0.000119363 -1.86158e-05 -2.50709e-06 -1.02305e-07 -7.28801e-09 -5.76914e-10 -2.2342e-11 -2.16581e-12 -4.5373e-14 -3.19609e-15 -4.00544e-18 -7.15518e-20 -1.10136e-21 1.26074e-22 -2.06476e-21 -1.83659e-19 -1.97382e-16 -3.42892e-15 -1.89088e-13 -2.34488e-12 -6.99352e-11 -1.02165e-09 -1.68267e-08 -5.5879e-07 -4.8552e-06 -3.73078e-05 -0.000278053 -0.00111833 -0.00343373 -0.0075998 -0.0126345 -0.0157139 -0.014059 109.211 206.126 162.703 27.3546 -104.355 
124.828 153.986 -20.9447 1.60672 10.2408 5.72205 2.87978 1.29288 0.513922 0.179448 0.0549132 0.014653 0.00342156 0.000681058 0.000115033 1.65955e-05 1.51204e-06 1.6135e-07 1.39376e-08 -2.47259e-12 -5.90471e-14 -4.31811e-15 -6.25768e-17 -3.40598e-18 -3.00645e-20 -2.4722e-21 -1.56482e-19 -3.55378e-18 -2.74464e-16 -4.57317e-15 -2.17248e-13 9.59538e-10 1.38855e-08 1.60863e-07 1.96868e-06 1.60951e-05 0.000112461 0.000660505 0.00324737 0.0141494 0.0535874 0.177142 0.510876 1.29212 2.88116 5.72345 56.2376 2.47354 121.784 157.401 
236.276 207.427 133.679 136.083 98.3146 15.5932 -82.5044 -59.0504 1.00395 0.318176 0.087111 0.0215103 0.00475749 0.0009597 0.000133198 2.90332e-05 5.49104e-06 8.98099e-07 1.23116e-07 1.43159e-08 1.36326e-09 1.0708e-10 6.77147e-12 9.38564e-15 5.02828e-16 4.27087e-17 5.02691e-16 3.41148e-13 6.77124e-12 1.07076e-10 1.3737e-09 1.43137e-08 1.23963e-07 8.89621e-07 5.43243e-06 2.82602e-05 0.000179431 0.000934307 0.00455662 0.020799 0.0865475 0.315288 -0.841647 -148.45 -82.0992 15.9493 98.5951 136.282 142.14 195.4 
67.6729 -62.3332 -163.003 -182.333 -120.973 -0.0135789 -0.0219252 -0.0270262 -0.0223983 -0.0133295 -0.00593059 -0.0018676 -0.000436874 -8.81924e-05 -9.07929e-06 -1.1258e-06 -1.32887e-07 -9.34076e-09 -7.2319e-10 -2.47478e-11 -2.30188e-12 -5.98796e-15 5.22087e-16 1.87174e-16 4.31454e-17 1.51027e-17 4.297e-17 1.83738e-16 2.18765e-16 -1.94437e-13 -2.53556e-12 -8.69874e-11 -1.30378e-09 -2.18201e-08 -2.14713e-07 -2.04213e-06 -2.62096e-05 -0.000153248 -0.00079049 -0.00313325 -0.00864021 -0.0177807 -0.0256661 -0.0254224 -0.0187146 -30.4846 -120.97 -182.331 -163.001 -62.3335 
247.066 257.816 301.477 77.1939 -109.513 -227.315 -119.288 -76.1153 -11.0193 11.9022 5.30687 1.98411 0.616979 0.158088 -4.43491e-05 -7.28164e-06 -7.36409e-07 -7.04454e-08 -1.44987e-09 -7.93302e-11 -4.90053e-12 -1.69602e-13 -7.93926e-15 -1.10767e-16 4.73639e-17 4.80988e-17 4.36357e-17 -4.4053e-16 -1.25289e-14 -4.24078e-13 -7.99944e-12 -1.71505e-10 -1.13788e-08 -1.39035e-07 -1.6403e-06 -1.16334e-05 0.0329873 0.157852 0.616146 1.98176 5.30331 37.0398 -11.0211 -76.1149 -243.793 -221.349 -50.2553 164.348 302.413 436.409 
146.105 39.8317 -59.1902 -130.058 -171.488 -111.852 -110.163 -99.236 -110.797 45.9556 33.4226 20.0317 9.98368 4.13668 1.41818 0.000218855 3.9799e-05 7.21164e-06 9.91004e-07 1.68452e-07 2.40148e-08 2.83842e-09 2.76242e-10 2.18859e-11 1.40079e-12 1.42658e-13 1.39765e-12 2.1881e-11 2.75968e-10 2.8357e-09 2.39208e-08 1.67613e-07 1.1738e-06 6.51996e-06 3.62533e-05 0.399304 1.41807 4.13623 9.9818 20.0275 33.4169 -88.9275 -78.129 -99.2083 -110.143 -267.616 -175.316 -129.709 -58.9195 40.0222 
470.853 546.352 523.982 533.958 507.587 288.007 -26.0138 -226.782 -154.711 -89.9038 0.830803 0.305605 0.102026 0.0305431 0.00811485 0.00193735 0.000415464 7.91633e-05 1.38829e-05 2.14515e-06 2.58391e-07 3.40284e-08 3.74745e-09 3.48633e-10 2.83275e-11 4.19478e-12 2.82673e-11 3.48342e-10 3.74389e-09 3.39224e-08 2.96458e-07 2.12844e-06 1.31479e-05 7.5367e-05 0.000385221 0.00181329 0.00767992 0.0289162 0.097517 0.299281 -12.2215 -89.903 -310.758 -226.65 -65.4488 288.486 507.989 502.003 565.397 551.566 
-322.846 -146.927 11.4642 126.527 186.503 195.796 170.119 128.266 85.4614 50.5407 26.4311 12.1252 4.72349 1.64112 0.485307 0.122508 0.0184714 0.00404802 0.000818516 0.000109768 2.54116e-05 5.03589e-06 8.46295e-07 1.19377e-07 1.40914e-08 2.69326e-09 1.40911e-08 1.19374e-07 8.46181e-07 5.03489e-06 2.5394e-05 0.000158826 0.000814467 0.00400945 0.0265851 0.121988 0.483826 1.63608 4.82477 12.1163 26.4268 50.5429 85.4662 128.272 170.12 195.802 186.508 126.528 11.4642 -146.935 
253.189 329.238 391.77 308.965 155.685 34.2403 -22.2839 30.0182 56.2838 127.263 172.741 169.691 129.34 59.7542 11.145 4.98872 1.96366 0.671678 0.19743 0.0493242 0.0103635 0.00181146 0.000154706 1.94388e-06 2.95141e-07 9.71353e-08 2.94056e-07 1.90689e-05 0.000260867 0.00181134 0.0103622 0.0493266 0.19742 0.671575 1.96298 4.98591 31.3311 78.8513 129.329 169.686 172.745 127.273 148.857 65.7459 -18.3333 -6.21512 147.926 302.241 345.18 324.159 
-674.319 -785.797 -799.41 -694.697 -480.673 -202.514 66.1716 280.377 327.203 234.786 74.3092 -55.0647 60.3603 30.8798 13.5279 5.06347 1.37985 0.388475 0.0893711 4.96936e-05 2.06089e-05 6.46993e-06 1.80951e-06 6.5774e-07 3.56161e-07 2.893e-07 3.55102e-07 6.38064e-07 1.67467e-06 4.92177e-06 1.15756e-05 0.0165085 0.0887816 0.386947 1.60416 5.05512 13.515 30.8654 -91.3719 -55.0336 74.3473 234.815 327.23 236.81 53.7636 -214.424 -491.548 -703.817 -806.023 -789.393 
-137.785 -80.362 1.31304 97.148 189.948 265.805 368.628 401.273 303.884 180.812 38.8691 -48.5308 -90.5471 -79.5022 -33.4348 16.349 45.4051 48.3336 1.18363 0.419161 0.132718 0.03991 0.0110297 0.0028307 0.000698466 0.000290619 0.000697341 0.00282906 0.0110219 0.0398569 0.135324 0.418125 35.2508 48.3265 45.3921 16.3304 -33.4486 -79.5037 -90.5273 -48.5042 49.3442 185.64 410.207 409.101 317.487 254.193 177.638 84.5124 -10.7382 -90.4627 
-262.275 -271.62 -275.679 -265.379 -225.935 -142.088 6.82647 209.639 395.318 563.896 425.178 48.7822 -198.381 -349.197 -429.152 -131.723 -27.581 66.3799 87.916 60.2611 12.7439 5.96755 2.4001 0.824085 0.25272 0.119176 0.242663 0.824023 2.39986 5.96659 33.0984 60.2533 111.074 66.3565 -27.6095 -221.212 -359.751 -347.775 -197.083 155.402 519.14 539.4 441.275 212.946 10.4778 -128.008 -214.687 -258.757 -274.87 -283.839 
389.119 405.63 429.194 459.958 495.722 531.064 560.463 559.842 527.065 448.324 363.763 167.548 -110.069 -429.341 -697.36 -798.28 -667.09 -240.291 85.9952 174.517 180.822 137.288 26.4994 6.878 5.21264 4.64138 5.21222 13.3558 82.8406 137.276 180.798 174.484 12.7553 -353.921 -667.038 -798.193 -697.293 -429.322 -110.093 167.519 283.678 422.995 515.934 554.662 560.621 536.352 501.781 465.382 431.986 404.519 
-44.7966 -27.9105 -31.2999 -54.8723 -98.9767 -157.581 -228.835 -300.708 -369.259 -411.837 -408.296 -345.218 -229.013 -55.2349 -48.7741 -201.631 -475.787 -712.917 -719.142 -423.827 240.298 437.201 377.564 309.518 248.514 224.678 248.505 309.495 473.854 437.155 35.4693 -423.79 -719.046 -712.824 -475.746 -201.641 -48.8117 -113.339 -244.639 -359.563 -420.43 -420.833 -374.42 -322.838 -242.809 -169.335 -108.896 -64.1956 -37.1966 -26.6795 
-129.174 -162.463 -197.17 -227.267 -242.624 -234.302 -200.079 -143.763 -71.0476 14.4593 112.277 268.617 398.125 515.815 602.891 670.559 624.2 289.892 -662.519 -1696.29 -2513.76 -2444.98 -1442.32 87.7192 1818 2421.88 1535.76 87.7312 -1499.63 -2647.69 -2517.51 -1699.92 -393.246 386.297 631.998 679.349 558.982 481.861 359.905 219.862 106.794 12.7487 -60.1309 -112.837 -148.036 -170.092 -184.426 -195.239 -200.623 -197.832 
-215.709 -331.424 -422.128 -455.828 -419.399 -322.044 -188.531 -49.2172 46.8503 126.129 139.155 102.08 -2.02972 -155.049 -367.809 -582.738 -770.99 -916.915 -1013.27 -1053.13 -983.361 -1207.5 -1597.36 -2080.54 -2489.69 -2650.64 -2489.62 -2080.45 -1597.29 -1207.46 -1039.16 -1050.17 -1009.43 -911.943 -765.018 -576.321 -361.755 -170.37 -17.6232 96.8826 144.127 128.211 80.9525 -25.0893 -154.864 -284.701 -388.314 -441.115 -429.073 -354.891 
-97.7591 -261.034 -401.017 -481.365 -430.938 -349.841 -279.227 -245.752 -275.837 -343.565 -396.926 -391.238 -309.629 -170.811 95.55 178.671 75.2613 -229.639 -380.142 -262.159 126.977 785.292 1411.28 2153.67 2734.21 2910.31 2631.7 1917.56 1414.2 679.849 129.775 -260.232 -378.975 -97.8129 148.786 178.813 -20.2883 -181.002 -319.63 -399.092 -404.423 -348.489 -276.452 -240.23 -252.963 -331.629 -469.734 -468.97 -402.368 -276.778 
-113.763 -136.747 -160.046 -243.632 -344.606 -304.454 -286.104 -8.94896 275.493 382.354 364.474 254.942 146.105 120.35 170.25 223.593 220.724 175.061 339.234 241.066 10.5512 -255.027 -378.746 -606.626 -790.891 -842.442 -786.138 -604.751 -454.366 -232.821 30.3205 255.557 60.2971 153.621 213.677 208.155 149.807 104.538 139.472 252.424 549.961 485.868 285.184 -15.7435 -132.807 -310.757 -343.43 -175.63 -158.434 -133.843 
-257.354 -217.122 -103.222 130.659 98.3387 4.51018 -83.2493 -116.189 -28.7544 92.4425 182.384 219.909 42.5216 21.0015 52.6028 97.5357 108.922 75.8125 11.9421 -44.0885 -144.34 -203.068 -186.316 -160.654 -114.308 -102.188 -115.727 -140.491 -188.864 -165.024 -105.422 -66.0176 -6.75138 62.9731 110.002 107.318 70.3623 26.0924 198.678 201.059 156.265 72.9707 -44.3762 -128.385 -93.6571 -11.1996 95.5659 12.7174 -77.4527 -213.011 
81.485 8.76315 -45.4579 -62.5144 -50.3571 -29.1277 104.716 68.7863 8.19329 -5.91434 -97.9471 -115.701 -94.3334 -60.7245 -31.0067 -12.6329 -6.52354 -6.26986 -8.80164 -6.32528 -2.00506 0.383487 0.750625 3.49377 3.0708 1.06812 -1.47233 -3.75761 2.34502 5.50358 9.85804 5.7878 0.379982 -8.28326 -18.7777 -32.1256 -50.4572 -75.8571 -104.298 -119.594 -86.9969 -26.7448 19.7348 71.752 -25.5183 -44.6179 -60.7088 -68.5377 -53.0127 2.54125 
-43.8637 -51.911 -30.9369 -17.1976 -14.3594 -18.303 -21.0959 -21.882 -1.16833 15.2765 -24.6807 -2.20948 -67.5725 -34.1483 -11.1618 -19.8643 -15.5615 -13.7782 -11.6387 -4.05221 18.5329 36.3081 45.1878 45.2946 42.9746 45.0736 42.3738 33.3617 17.7576 2.95027 -0.99467 1.40509 2.5718 -0.0910283 -5.18557 -7.76536 -13.7658 -27.2824 15.0211 -4.47027 19.516 0.452647 -13.8852 -14.7518 -10.1096 -9.57427 -18.2206 -37.402 -62.3753 -54.6305 
27.4518 1.21395 -29.9796 -26.8647 -15.9176 -5.57736 7.84048 12.4004 10.8937 9.59204 -6.28174 -26.9244 -18.9316 -10.2375 -0.475059 12.8195 37.4004 40.9354 36.1352 31.9586 31.4407 29.9846 23.6674 15.5143 13.0871 19.3812 27.5061 27.4074 16.9744 4.09387 -2.64724 -3.44324 -4.22373 -6.59654 -8.90211 -12.3875 -14.5778 -14.216 -9.49715 11.6321 32.8103 30.0061 22.596 7.68063 -9.63338 -20.1171 -12.5126 8.47853 29.2644 37.6435 
36.5068 23.0477 23.6633 6.78246 -6.13634 -12.0592 -7.44389 2.24614 14.2643 14.8744 15.4939 20.0354 21.4647 15.974 11.6296 24.9546 49.6383 61.1975 43.7558 16.2734 -1.14606 -8.20437 -9.34686 -5.95243 -5.75343 -14.1394 -23.3359 -23.9995 -12.6241 13.0598 44.806 60.9655 51.2245 30.94 17.1423 15.5338 13.9204 9.11023 4.37241 8.452 15.7401 15.0261 2.34829 -8.56773 -10.9579 -7.45189 -1.51106 10.8634 21.3483 16.3635 
-21.505 -37.0279 -27.8279 -8.6636 8.91116 18.5377 3.99632 -21.1195 -24.712 -5.64954 1.25385 -2.7128 -16.3088 -19.0094 -14.0022 -10.403 -9.76419 0.316505 9.51521 16.1741 12.7816 9.03263 13.7962 24.5059 31.4563 22.2404 4.91535 7.29762 20.7229 31.1907 23.621 7.93148 4.07126 1.1187 -6.35474 -14.8437 -15.9487 -12.5973 -4.01726 -8.38785 -16.514 -18.6884 1.83279 14.3787 5.59213 -11.247 -26.6205 -31.0272 -14.9144 13.6417 
10.4351 4.95933 2.23905 7.20134 11.5051 15.1326 5.26169 -3.30508 -2.15117 4.46686 5.9754 2.88234 -10.8738 -21.7755 -31.7229 -32.3216 -18.1916 1.10362 12.2151 11.9249 7.28604 6.30465 10.4254 13.2787 13.2948 13.6161 12.3365 10.7043 13.5599 18.7685 19.1378 8.8378 -8.47856 -20.5603 -20.2514 -13.9709 -11.8355 -12.463 -8.55585 -4.7499 -8.46267 -8.85919 -0.0657773 9.96333 13.767 7.53826 2.57289 3.74723 8.80523 9.46342 
4.24623 8.37705 -6.90743 -10.1765 -1.45725 1.61286 0.681937 -8.51014 -17.5952 -11.8128 5.20447 9.21454 -0.486527 3.29287 12.1754 7.04583 0.40435 1.72898 -1.55081 -8.49915 -1.39759 10.8059 6.45001 -8.46424 -5.2959 2.66214 10.6327 15.3499 -0.39649 -11.9706 -7.51992 -4.53913 -4.96427 4.08196 12.8983 6.74462 3.24415 13.5912 10.6436 -7.50727 -15.5354 -7.6366 1.24325 2.31785 0.418974 -8.65218 -9.92933 1.14519 -5.43856 -21.0445 
-24.7611 -15.0634 -1.30569 13.027 24.2272 19.9388 13.9859 24.9128 30.8614 38.4853 32.3893 16.8596 13.5281 31.7786 35.3004 1.57099 -29.4629 -16.1928 1.83304 0.466369 -5.83977 0.642364 15.2935 14.1342 10.4135 16.7733 18.2062 3.03019 -4.09219 3.66248 8.61312 -7.69211 -24.7846 -5.96173 25.4454 14.9089 -4.86997 -0.184026 20.3613 35.9128 41.5341 33.7352 20.8385 22.7993 33.4184 23.9328 9.32812 -3.95437 -16.87 -11.2339 
3.23704 1.62879 -1.52833 -4.45625 -2.52559 1.66985 2.2719 -0.725773 2.76981 4.87359 -4.66008 -1.81197 5.92888 0.372093 -10.7453 -6.9362 5.01405 3.48264 -0.450218 0.458347 2.39052 14.9977 18.1647 4.92633 -0.959637 5.38991 15.361 18.6779 12.3828 6.57239 5.4751 5.7452 5.67693 -8.32632 -14.8171 -3.51993 3.98741 -0.88801 -1.40919 6.51359 7.38513 1.63008 -0.031311 4.64759 0.282841 -3.68535 -2.27603 -0.179719 0.649875 0.465413 
-2.80892 -3.06379 -3.246 -7.28612 -8.30247 -8.39638 -3.35093 3.73616 3.99056 -1.66248 -4.61801 -1.47728 0.983536 4.15212 -0.114031 -13.7883 -18.7697 -10.9872 1.69904 6.752 -3.94313 -9.01066 -2.9279 -3.77747 -7.6958 -5.75158 -4.30703 -8.74848 -4.36844 7.63579 4.97263 -7.72034 -16.7771 -15.9558 -3.1744 2.34082 -1.01419 -3.13939 -6.2285 -3.62289 3.64911 5.07604 -1.42045 -5.23768 -6.72342 -6.80882 -6.53374 -1.81422 -1.07238 -1.945 
2.20005 -1.76969 4.29984 5.11527 0.651727 1.93136 -0.832429 -7.93442 -6.58531 -3.19875 -1.70983 -2.98335 -1.68105 -2.91261 -6.44508 -3.85849 1.28844 -0.0117449 -2.56099 0.894064 -0.449381 -5.02711 -6.28715 -2.71548 -4.98556 -6.36543 -11.5345 -11.7279 -1.98963 -1.7452 -3.87333 -0.505748 2.53339 -1.09543 -4.46112 -1.85268 -0.980067 -3.42032 -3.90594 -2.61874 -4.19409 -4.02323 -3.27016 -3.35538 -0.604699 2.61159 4.33752 -2.39107 -0.580893 5.79318 
3.69452 3.67252 3.00805 0.618412 -0.10125 3.60053 2.40797 -0.683582 -4.59381 0.915212 8.94097 0.523879 -6.74146 -2.69582 10.1004 4.17649 -6.51057 -6.86979 -2.68344 4.82684 8.39909 -0.978944 -7.212 -1.09994 7.74059 2.88066 -6.3834 -1.82039 8.85892 7.68492 -0.515269 -7.30847 -7.38878 2.00857 7.81014 -0.486657 -7.50497 -1.35538 7.93888 2.39152 -5.66653 -2.20346 3.1417 3.50502 0.0855948 -0.168579 2.36439 3.25127 3.27901 3.90737 
-2.33219 -0.306617 1.74692 4.74331 -0.0293947 -1.09889 4.35626 5.83833 4.32737 3.42949 -2.7915 -1.28193 6.66931 8.56682 3.01233 -1.49519 -2.73107 0.992657 2.42837 -6.23398 -10.8467 -5.05149 -1.06356 -2.10733 -4.4776 -3.01132 -1.31201 -4.94981 -8.41836 -9.09293 -1.53828 -1.74796 -6.46733 -5.47781 -0.530497 7.10164 7.99558 1.15479 -1.68885 2.99805 4.35731 4.69677 4.63335 -1.2938 -0.219799 5.93789 5.22771 1.72458 0.60801 -1.3001 
2.24693 11.2338 8.90655 -3.34183 -0.557072 -0.421073 3.63739 4.72591 -0.354612 1.76384 1.5004 2.93543 0.760034 -6.35286 -5.24691 -7.90546 -7.0109 2.51741 2.56608 -0.777925 -1.10853 5.35786 10.2509 5.52557 0.51595 4.89316 12.3692 7.2907 2.75426 3.04323 4.12869 5.13121 -2.54004 -5.50262 -2.97049 -5.54007 -1.85488 1.30701 0.902015 0.814994 -2.27007 1.41878 2.62837 -1.53209 -0.927916 -1.83259 4.89393 11.8276 3.03275 1.87608 
-0.334672 0.326357 3.40417 2.1558 -1.21201 0.356196 5.21254 6.98663 4.70233 2.24805 3.55079 6.23263 5.36891 9.21861 10.3126 8.88685 6.49443 3.56579 3.36112 6.19654 3.7375 -2.27156 -3.29932 -0.586217 0.677045 -0.425914 -3.34449 -3.59871 1.40532 4.35079 1.56904 0.161581 2.55903 5.3453 7.96481 9.70183 9.31217 6.00252 5.03995 3.48612 5.52613 8.09105 7.12491 2.2083 -0.466219 2.07381 4.34576 1.39185 0.276691 0.0833693 
-1.42256 -1.62131 -0.994964 -0.10704 1.55795 5.46189 5.83958 1.82346 -0.323272 2.23473 3.78781 2.4702 -2.38179 -3.74173 -1.82087 -1.305 -1.48788 1.18247 -0.853428 -5.32053 -4.38543 -3.49827 -1.98196 -3.29138 -4.35219 -1.40572 -1.88079 -1.67679 -3.97488 -5.55922 -2.0369 1.00424 -1.53624 -2.65103 -2.2967 -4.25972 -4.47787 2.01733 0.780466 0.245416 -1.04336 -0.828221 5.12677 6.69365 3.39864 1.58221 0.626293 -0.416893 -0.755164 -1.03051 
1.89201 1.77609 2.13502 4.81254 3.80921 -0.578529 -1.52261 -1.02987 -1.38884 0.869738 1.41291 -2.56311 -4.78861 -2.36269 -0.239846 -1.12187 -0.287635 -0.00715463 -0.969415 -0.615744 0.210466 -0.28475 -0.288349 0.213396 0.754753 0.374507 -0.373701 -0.0774518 0.488194 0.603298 -0.520775 -1.69427 -0.0155737 -0.501046 -1.61284 -1.09249 -4.08395 -3.08988 1.08264 1.11379 -1.35014 -1.74777 -2.61498 -2.76036 1.19142 3.42293 1.39045 1.49725 2.78609 2.80718 
1.35507 2.43108 0.392662 -3.46918 -4.79277 -2.02092 -1.38266 -1.24941 -2.83618 -0.84896 0.397826 -1.11095 -0.697943 1.12181 -1.7799 -0.818115 0.357713 0.191104 -0.0704684 -0.0722031 -0.114306 0.140026 0.668512 0.942172 0.926624 0.791331 0.504684 -0.0184573 -0.380915 -0.299736 -0.165812 0.0787186 0.382935 -0.43253 -1.76843 0.460037 2.24173 -1.18043 1.59911 -0.118739 -2.10096 -1.47418 -0.637534 -1.00532 -3.59181 -5.15031 -1.19016 0.934632 -0.629304 -0.426335 
-0.75768 -3.39381 -1.96607 -0.227069 0.0882015 0.0240634 0.0344752 0.286419 0.445178 0.353016 0.138175 -0.149236 -0.251997 -0.0421812 0.19184 0.234476 -0.110999 -0.474858 -0.0224735 0.233654 0.242264 -0.0966963 -0.190546 0.132321 0.335554 0.198822 -0.133752 -0.168239 0.177505 0.280552 0.0755192 -0.428 -0.293391 0.204499 0.283208 0.0577645 -0.177492 -0.105289 0.189323 0.419515 0.555757 0.515393 0.277274 0.247794 0.427873 0.427183 -0.795843 -2.5458 -0.822374 0.790647 
-0.492544 0.829201 0.749981 -0.044745 -0.389139 0.0683115 0.379023 0.374375 0.246786 0.12898 0.0118779 -0.15654 -0.0158322 0.112666 0.128972 0.0866339 0.23412 0.346811 0.323008 0.0753534 -0.216432 0.0794378 0.370199 0.106 -0.185698 0.0336182 0.344698 0.266146 -0.0995937 0.0123425 0.28105 0.386743 0.268653 0.0987974 0.114988 0.145267 0.0371654 0.00701605 -0.0531774 0.053218 0.151022 0.310028 0.433005 0.206221 -0.249638 -0.16612 0.641865 1.01721 0.147143 -1.13742 
0.503374 0.0419265 0.0156189 0.242776 0.251416 0.279517 0.236543 0.161773 0.129956 0.129205 0.149273 0.157886 0.0962678 -0.01934 -0.352875 -0.277055 0.0310198 0.114909 0.0663898 -0.0326011 -0.150475 -0.252293 -0.321149 -0.349395 -0.334637 -0.280778 -0.197387 -0.0958681 0.0153278 0.125334 0.204697 0.23228 0.196905 -0.023166 -0.216146 0.099295 0.10534 0.172885 0.162588 0.128827 0.107637 0.108316 0.150565 0.195767 0.152277 0.119913 -0.0638914 -0.279297 0.0985552 0.265482 

